# INDEX mount\_offsets\_ra\_arcsec\_total mount\_offsets\_dec\_arcsec\_total rotator\_field\_angle mount\_dec\_j2000\_deg mount\_ra\_j2000\_hours
 8600 0 0 -205.21310796202 46.811050481391 19.317073395154
 8600.1 0 0 -205.21310796202 46.811050481391 19.317073395154
 8600.2 0 0 -205.21244617904 46.811055176463 19.317073372457
 8600.3 0 0 -205.21244617904 46.811055176463 19.317073372457
 8600.4 0 0 -205.21331548066 46.811048499573 19.317073447312
 8600.5 0 0 -205.21331548066 46.811048499573 19.317073447312
 8600.6 0 0 -205.21331548066 46.811048499573 19.317073447312
 8600.7 0 0 -205.2133617129 46.811044659666 19.317073379576
 8600.8 0 0 -205.2133617129 46.811044659666 19.317073379576
 8600.9 0 0 -205.21273194921 46.811047506757 19.317073549282
 8601 0 0 -205.213126401 46.811034957234 19.317073154422
 8601.1 0 0 -205.213126401 46.811034957234 19.317073154422
 8601.2 0 0 -205.213126401 46.811034957234 19.317073154422
 8601.3 0 0 -205.21332140258 46.811045201406 19.317073973218
 8601.4 0 0 -205.21332140258 46.811045201406 19.317073973218
 8601.5 0 0 -205.21332140258 46.811045201406 19.317073973218
 8601.6 0 0 -205.21308670041 46.811055033426 19.317073565547
 8601.7 0 0 -205.21308670041 46.811055033426 19.317073565547
 8601.8 0 0 -205.21308670041 46.811055033426 19.317073565547
 8601.9 0 0 -205.21308670041 46.811047447654 19.317073945652
 8602 0 0 -205.21289970745 46.811027328852 19.317073718978
 8602.1 0 0 -205.21289970745 46.811027328852 19.317073718978
 8602.2 0 0 -205.21289970745 46.811027328852 19.317073718978
 8602.3 0 0 -205.21308820673 46.811041383922 19.317073266807
 8602.4 0 0 -205.21308820673 46.811046435764 19.317073360202
 8602.5 0 0 -205.21308820673 46.811046435764 19.317073360202
 8602.6 0 0 -205.21304335498 46.811052437298 19.317073491271
 8602.7 0 0 -205.21304335498 46.811052437298 19.317073491271
 8602.8 0 0 -205.21327011794 46.811048710084 19.317073500931
 8602.9 0 0 -205.21327011794 46.811048710084 19.317073500931
 8603 0 0 -205.21327011794 46.811048710084 19.317073500931
 8603.1 0 0 -205.21331109115 46.811071132381 19.317073440397
 8603.2 0 0 -205.21313586042 46.811037140818 19.31707342239
 8603.3 0 0 -205.21313586042 46.811037140818 19.31707342239
 8603.4 0 0 -205.21313586042 46.811046624101 19.317073916034
 8603.5 0 0 -205.21313586042 46.811046624101 19.317073916034
 8603.6 0 0 -205.21321368533 46.811047821804 19.317073232386
 8603.7 0 0 -205.21321368533 46.811047821804 19.317073232386
 8603.8 0 0 -205.21321368533 46.811047821804 19.317073232386
 8603.9 0 0 -205.21308380027 46.811056730084 19.317073358293
 8604 0 0 -205.21331094164 46.811049260927 19.317073937274
 8604.1 0 0 -205.21331094164 46.811049260927 19.317073937274
 8604.2 0 0 -205.21331094164 46.811049260927 19.317073937274
 8604.3 0 0 -205.21313735996 46.81103662163 19.317073201245
 8604.4 0 0 -205.21279525072 46.811045847795 19.317073143905
 8604.5 0 0 -205.21279525072 46.811045847795 19.317073143905
 8604.6 0 0 -205.21279525072 46.811068091759 19.317073907213
 8604.7 0 0 -205.21279525072 46.811068091759 19.317073907213
 8604.8 0 0 -205.21277534409 46.811043078205 19.317073831472
 8604.9 0 0 -205.21277534409 46.811043078205 19.317073831472
 8605 0 0 -205.21277534409 46.811043078205 19.317073831472
 8605.1 0 0 -205.21286420359 46.811039819958 19.317073145594
 8605.2 0 0 -205.21286420359 46.811039819958 19.317073145594
 8605.3 0 0 -205.2132169953 46.811052715603 19.317073111809
 8605.4 0 0 -205.21333967011 46.81103160635 19.317073432455
 8605.5 0 0 -205.21333967011 46.81103160635 19.317073432455
 8605.6 0 0 -205.21333967011 46.811045346936 19.317074307009
 8605.7 0 0 -205.21333967011 46.811045346936 19.317074307009
 8605.8 0 0 -205.21304154835 46.811062889703 19.317073676155
 8605.9 0 0 -205.21304154835 46.811062889703 19.317073676155
 8606 0 0 -205.21322340475 46.811063218918 19.317073148514
 8606.1 0 0 -205.21322340475 46.811063218918 19.317073148514
 8606.2 0 0 -205.21322340475 46.811063218918 19.317073148514
 8606.3 0 0 -205.21322133655 46.811029105369 19.317073096628
 8606.4 0 0 -205.21322133655 46.811029105369 19.317073096628
 8606.5 0 0 -205.21326166566 46.81104285542 19.317073240358
 8606.6 0 0 -205.21326166566 46.811055401672 19.317073783153
 8606.7 0 0 -205.21305472136 46.811055493371 19.317073797743
 8606.8 0 0 -205.21305472136 46.811055493371 19.317073797743
 8606.9 0 0 -205.21332965568 46.811064678449 19.317073425467
 8607 0 0 -205.21332965568 46.811034489501 19.317073258676
 8607.1 0 0 -205.21332965568 46.811064790413 19.317073798678
 8607.2 0 0 -205.21295861795 46.811034027906 19.31707348146
 8607.3 0 0 -205.21286256661 46.811051219868 19.317073483411
 8607.4 0 0 -205.21286256661 46.811051219868 19.317073483411
 8607.5 0 0 -205.21293405132 46.811072643487 19.317073590772
 8607.6 0 0 -205.21293405132 46.811072643487 19.317073590772
 8607.7 0 0 -205.21293405132 46.811060512644 19.317073680158
 8607.8 0 0 -205.21293405132 46.811060512644 19.317073680158
 8607.9 0 0 -205.21301264496 46.811046967017 19.317073500324
 8608 0 0 -205.21301264496 46.811046967017 19.317073500324
 8608.1 0 0 -205.21301264496 46.811060644359 19.317073919281
 8608.2 0 0 -205.21307935264 46.811038996003 19.317073456723
 8608.3 0 0 -205.21307935264 46.811038996003 19.317073456723
 8608.4 0 0 -205.21300734847 46.811046507969 19.317074496373
 8608.5 0 0 -205.21300734847 46.811046507969 19.317074496373
 8608.6 0 0 -205.21309634732 46.811047439467 19.317073205387
 8608.7 0 0 -205.21314161763 46.811042961729 19.317073228768
 8608.8 0 0 -205.21314161763 46.811042961729 19.317073228768
 8608.9 0 0 -205.21314161763 46.811035231578 19.317073233253
 8609 0 0 -205.21314161763 46.811035231578 19.317073233253
 8609.1 0 0 -205.21316834686 46.811035178504 19.317073212819
 8609.2 0 0 -205.21305458447 46.811051824612 19.31707348543
 8609.3 0 0 -205.21305458447 46.811051824612 19.31707348543
 8609.4 0 0 -205.21305458447 46.811051824612 19.31707348543
 8609.5 0 0 -205.21319341672 46.811052118829 19.317073439245
 8609.6 0 0 -205.21319341672 46.811052118829 19.317073439245
 8609.7 0 0 -205.21272952655 46.811047378855 19.317073328102
 8609.8 0 0 -205.2129446174 46.811047205158 19.317073307897
 8609.9 0 0 -205.2129446174 46.811047205158 19.317073307897
 8610 0 0 -205.2130324922 46.811034791424 19.317073202851
 8610.1 0 0 -205.2130324922 46.811034791424 19.317073202851
 8610.2 0 0 -205.2130324922 46.811051231042 19.317073219064
 8610.3 0 0 -205.21275890204 46.811024996577 19.317073425301
 8610.4 0 0 -205.21275890204 46.811032835853 19.317073341794
 8610.5 0 0 -205.21275890204 46.811032835853 19.317073341794
 8610.6 0 0 -205.21294218417 46.811031998736 19.317074219077
 8610.7 0 0 -205.21294218417 46.811031998736 19.317074219077
 8610.8 0 0 -205.2131289562 46.811053228904 19.317073775213
 8610.9 0 0 -205.2131289562 46.811053228904 19.317073775213
 8611 0 60 -205.21297744782 46.811045191253 19.317073535467
 8611.1 0 60 -205.21297744782 46.811045191253 19.317073535467
 8611.2 0 60 -205.21345614645 46.817163484471 19.317075348117
 8611.3 0 60 -205.21345614645 46.817163484471 19.317075348117
 8611.4 0 60 -205.22111166758 46.819932203006 19.317071575536
 8611.5 0 60 -205.22111166758 46.819932203006 19.317071575536
 8611.6 0 60 -205.22471746359 46.822478964873 19.317074728195
 8611.7 0 60 -205.22471746359 46.822478964873 19.317074728195
 8611.8 0 60 -205.22743527595 46.824824339491 19.317077688025
 8611.9 0 60 -205.22743527595 46.824824339491 19.317077688025
 8612 0 60 -205.22937076187 46.825327662989 19.317077194459
 8612.1 0 60 -205.22937076187 46.825327662989 19.317077194459
 8612.2 0 60 -205.23008075677 46.826537835823 19.317078004501
 8612.3 0 60 -205.23008075677 46.826537835823 19.317078004501
 8612.4 0 60 -205.2308847657 46.827010682961 19.317077668824
 8612.5 0 60 -205.2308847657 46.827010682961 19.317077668824
 8612.6 0 60 -205.23152800595 46.827241293486 19.317078187901
 8612.7 0 60 -205.23152800595 46.827241293486 19.317078187901
 8612.8 0 60 -205.23170122357 46.827463945718 19.317078137777
 8612.9 0 60 -205.23170122357 46.827463945718 19.317078137777
 8613 0 60 -205.23170122357 46.827463945718 19.317078137777
 8613.1 0 60 -205.23170122357 46.827463945718 19.317078137777
 8613.2 0 60 -205.23095131544 46.827570750328 19.317078910167
 8613.3 0 60 -205.23095131544 46.827570750328 19.317078910167
 8613.4 0 60 -205.23095131544 46.827570750328 19.317078910167
 8613.5 0 60 -205.23194237571 46.827641781846 19.317078121374
 8613.6 0 60 -205.23194237571 46.827641781846 19.317078121374
 8613.7 0 60 -205.23191894975 46.827692689782 19.317078196329
 8613.8 0 60 -205.23191894975 46.827692689782 19.317078196329
 8613.9 0 60 -205.23212421103 46.827713333851 19.317078154303
 8614 0 60 -205.23212421103 46.827713333851 19.317078154303
 8614.1 0 60 -205.23176566545 46.827729184938 19.317078373859
 8614.2 0 60 -205.23176566545 46.827729184938 19.317078373859
 8614.3 0 60 -205.23197133939 46.827706670141 19.317078912489
 8614.4 0 60 -205.23209194578 46.827723828597 19.317078119964
 8614.5 0 60 -205.23209194578 46.827723828597 19.317078119964
 8614.6 0 60 -205.23209194578 46.827723828597 19.317078119964
 8614.7 0 60 -205.23211342053 46.827722881076 19.317078030761
 8614.8 0 60 -205.23211342053 46.827722881076 19.317078030761
 8614.9 0 60 -205.23186990356 46.827739098209 19.317078062638
 8615 0 60 -205.23186990356 46.827708905677 19.317078450341
 8615.1 0 60 -205.23186990356 46.827708905677 19.317078450341
 8615.2 0 60 -205.23188238145 46.827729227158 19.317078213004
 8615.3 0 60 -205.23188238145 46.827729227158 19.317078213004
 8615.4 0 60 -205.23189085161 46.827723572166 19.31707858085
 8615.5 0 60 -205.23214683295 46.82771397137 19.317078659625
 8615.6 0 60 -205.23214683295 46.82771397137 19.317078659625
 8615.7 0 60 -205.23209501301 46.827727296965 19.317078455653
 8615.8 0 60 -205.23209501301 46.827727296965 19.317078455653
 8615.9 0 60 -205.23146944299 46.827728987533 19.31707851147
 8616 0 60 -205.23146944299 46.827728987533 19.31707851147
 8616.1 0 60 -205.23197473284 46.82770632553 19.317078437459
 8616.2 0 60 -205.23197473284 46.82770632553 19.317078437459
 8616.3 0 60 -205.23197473284 46.82770632553 19.317078437459
 8616.4 0 60 -205.23186417048 46.827735648658 19.317078173958
 8616.5 0 60 -205.23186417048 46.827735648658 19.317078173958
 8616.6 0 60 -205.23206688093 46.82773417109 19.317078693451
 8616.7 0 60 -205.23201634582 46.82773417109 19.317078693451
 8616.8 0 60 -205.23201634582 46.82773417109 19.317078693451
 8616.9 0 60 -205.23201634582 46.82773417109 19.317078693451
 8617 0 60 -205.23201634582 46.82773417109 19.317078693451
 8617.1 0 60 -205.23193738921 46.827732104981 19.317078615365
 8617.2 0 60 -205.23193738921 46.827732104981 19.317078615365
 8617.3 0 60 -205.23146533753 46.827716598863 19.317078418867
 8617.4 0 60 -205.23146533753 46.827716598863 19.317078418867
 8617.5 0 60 -205.23162332134 46.827710773208 19.31707854447
 8617.6 0 60 -205.23162332134 46.827719597121 19.317078718596
 8617.7 0 60 -205.23162332134 46.827719597121 19.317078718596
 8617.8 0 60 -205.23162332134 46.827719597121 19.317078718596
 8617.9 0 60 -205.23175179678 46.827721945738 19.317078073675
 8618 0 60 -205.23175179678 46.827721945738 19.317078073675
 8618.1 0 60 -205.23209509763 46.827731265757 19.317078813748
 8618.2 0 60 -205.23209509763 46.827731265757 19.317078813748
 8618.3 0 60 -205.23209509763 46.827731265757 19.317078813748
 8618.4 0 60 -205.23209509763 46.827731265757 19.317078813748
 8618.5 0 60 -205.23208748182 46.827716617869 19.317078433277
 8618.6 0 60 -205.23208748182 46.827711172242 19.317078926753
 8618.7 0 60 -205.23208748182 46.827711172242 19.317078926753
 8618.8 0 60 -205.23208748182 46.827711172242 19.317078926753
 8618.9 0 60 -205.23200063679 46.827717497223 19.317078377468
 8619 0 60 -205.23200063679 46.827717497223 19.317078377468
 8619.1 0 60 -205.23200063679 46.827726354039 19.317078186675
 8619.2 0 60 -205.23200063679 46.827726354039 19.317078186675
 8619.3 0 60 -205.23204722315 46.827724690398 19.317078598281
 8619.4 0 60 -205.23197103204 46.82770523838 19.317078469498
 8619.5 0 60 -205.23197103204 46.82770523838 19.317078469498
 8619.6 0 60 -205.23149851524 46.827713369651 19.317078117811
 8619.7 0 60 -205.23149851524 46.827721511694 19.317078223532
 8619.8 0 60 -205.23149851524 46.827721511694 19.317078223532
 8619.9 0 60 -205.23199214896 46.827731023738 19.317078229409
 8620 0 60 -205.23199214896 46.827731023738 19.317078229409
 8620.1 0 60 -205.23187966517 46.827720664524 19.317078193843
 8620.2 0 60 -205.23187966517 46.82773300884 19.317078858389
 8620.3 0 60 -205.23187966517 46.82773300884 19.317078858389
 8620.4 0 60 -205.2318453986 46.827730865455 19.317078026341
 8620.5 0 60 -205.2318453986 46.827730865455 19.317078026341
 8620.6 0 60 -205.23178183224 46.827724618303 19.317078244435
 8620.7 0 60 -205.23198123568 46.827718553774 19.317078403246
 8620.8 0 60 -205.23198123568 46.827718553774 19.317078403246
 8620.9 0 60 -205.23198123568 46.827705402265 19.317078265188
 8621 0 60 -205.23198123568 46.827705402265 19.317078265188
 8621.1 0 60 -205.23198123568 46.827705402265 19.317078265188
 8621.2 0 60 -205.2318605398 46.827718731284 19.317078544218
 8621.3 0 60 -205.2318605398 46.827718731284 19.317078544218
 8621.4 0 60 -205.23200910363 46.827716925965 19.317077849713
 8621.5 0 60 -205.23200910363 46.827716925965 19.317077849713
 8621.6 0 60 -205.23212582727 46.827702404922 19.31707782846
 8621.7 0 60 -205.23212582727 46.827702404922 19.31707782846
 8621.8 0 60 -205.23169964056 46.827704171073 19.317078256591
 8621.9 0 60 -205.23169964056 46.827704171073 19.317078256591
 8622 0 60 -205.2315891624 46.827722886057 19.317078490634
 8622.1 0 60 -205.2315891624 46.827722886057 19.317078490634
 8622.2 0 60 -205.2315891624 46.827722886057 19.317078490634
 8622.3 0 60 -205.2315891624 46.827722886057 19.317078490634
 8622.4 0 60 -205.23192493073 46.827714049529 19.317079272928
 8622.5 0 60 -205.23192493073 46.827714049529 19.317079272928
 8622.6 0 60 -205.23192493073 46.827714049529 19.317079272928
 8622.7 0 60 -205.23196018061 46.827737678919 19.317077943881
 8622.8 0 60 -205.23196018061 46.827737678919 19.317077943881
 8622.9 0 60 -205.23185071681 46.827718018994 19.3170781184
 8623 0 60 -205.23121961594 46.827703663598 19.317078427088
 8623.1 0 60 -205.23121961594 46.827703663598 19.317078427088
 8623.2 0 60 -205.23204746296 46.827723112306 19.317078122614
 8623.3 0 60 -205.23168097074 46.827716868129 19.317078136842
 8623.4 0 60 -205.23168097074 46.827716868129 19.317078136842
 8623.5 0 60 -205.23168097074 46.827728674083 19.317078391855
 8623.6 0 60 -205.23168097074 46.827728674083 19.317078391855
 8623.7 0 60 -205.23176153768 46.827743551182 19.317078063024
 8623.8 0 60 -205.23176153768 46.827743551182 19.317078063024
 8623.9 0 60 -205.23178876418 46.827723278408 19.317078418006
 8624 0 60 -205.23182744853 46.827723278408 19.317078418006
 8624.1 0 60 -205.23182744853 46.827723278408 19.317078418006
 8624.2 0 60 -205.23182744853 46.827723278408 19.317078418006
 8624.3 0 60 -205.23186489042 46.827715129093 19.317078258537
 8624.4 0 60 -205.23186489042 46.827715129093 19.317078258537
 8624.5 0 60 -205.23186489042 46.827715129093 19.317078258537
 8624.6 0 60 -205.23176176212 46.827697263353 19.317078533299
 8624.7 0 60 -205.23176176212 46.827697263353 19.317078533299
 8624.8 0 60 -205.23172012143 46.827716571687 19.317077894212
 8624.9 0 60 -205.23172012143 46.827716571687 19.317077894212
 8625 0 60 -205.23172012143 46.827707172276 19.317078468859
 8625.1 0 60 -205.23172012143 46.827707172276 19.317078468859
 8625.2 0 60 -205.23177677423 46.827705162544 19.317078197736
 8625.3 0 60 -205.23201271635 46.827726318367 19.317078101886
 8625.4 0 60 -205.23201271635 46.827726318367 19.317078101886
 8625.5 0 60 -205.23201271635 46.827734058058 19.317078268025
 8625.6 0 60 -205.23184045401 46.827710813108 19.317078042124
 8625.7 0 60 -205.23184045401 46.827710813108 19.317078042124
 8625.8 0 60 -205.23187574271 46.827714889461 19.317078010614
 8625.9 0 60 -205.23187574271 46.827714889461 19.317078010614
 8626 0 60 -205.23191854823 46.827740303397 19.317078548116
 8626.1 0 60 -205.23191854823 46.827740303397 19.317078548116
 8626.2 0 60 -205.23199168001 46.827716704705 19.317078054274
 8626.3 0 60 -205.23199168001 46.827716704705 19.317078054274
 8626.4 0 60 -205.23199168001 46.827716704705 19.317078054274
 8626.5 0 60 -205.23172733387 46.827713714927 19.317077968381
 8626.6 0 60 -205.23172733387 46.827713714927 19.317077968381
 8626.7 0 60 -205.23166706135 46.827711595005 19.317077801645
 8626.8 0 60 -205.23166706135 46.827711595005 19.317077801645
 8626.9 0 60 -205.23180075573 46.827730155844 19.317078597325
 8627 0 60 -205.23175118829 46.827716580547 19.317078492601
 8627.1 0 60 -205.23175118829 46.827716580547 19.317078492601
 8627.2 0 60 -205.23175118829 46.827727180185 19.317078177208
 8627.3 0 60 -205.23175118829 46.827727180185 19.317078177208
 8627.4 0 60 -205.23181298365 46.827706999257 19.317077882087
 8627.5 0 60 -205.23181298365 46.827706999257 19.317077882087
 8627.6 0 60 -205.23148031909 46.827725466769 19.317077868352
 8627.7 0 60 -205.23148031909 46.827725466769 19.317077868352
 8627.8 0 60 -205.23164437582 46.82772227232 19.317078270779
 8627.9 0 60 -205.23164437582 46.82772227232 19.317078270779
 8628 0 60 -205.23164437582 46.82772227232 19.317078270779
 8628.1 0 60 -205.23190294213 46.827722068818 19.317077948623
 8628.2 0 60 -205.23168491462 46.827718481777 19.317078026917
 8628.3 0 60 -205.23168491462 46.827718481777 19.317078026917
 8628.4 0 60 -205.23168491462 46.827708566157 19.317079089542
 8628.5 0 60 -205.23180365313 46.827723261531 19.317078542252
 8628.6 0 60 -205.23180365313 46.827723261531 19.317078542252
 8628.7 0 60 -205.23180365313 46.827723261531 19.317078542252
 8628.8 0 60 -205.23102917585 46.827720154546 19.317078495368
 8628.9 0 60 -205.23102917585 46.827720154546 19.317078495368
 8629 0 60 -205.23169080454 46.827717139218 19.317078333286
 8629.1 0 60 -205.23169080454 46.827717139218 19.317078333286
 8629.2 0 60 -205.231788038 46.827698868556 19.317078414881
 8629.3 0 60 -205.231788038 46.827698868556 19.317078414881
 8629.4 0 60 -205.231788038 46.827727779439 19.317079270759
 8629.5 0 60 -205.231788038 46.827727779439 19.317079270759
 8629.6 0 60 -205.231788038 46.827727779439 19.317079270759
 8629.7 0 60 -205.23142119824 46.827710783715 19.317078383415
 8629.8 0 60 -205.23142119824 46.827699663081 19.317078547413
 8629.9 0 60 -205.23142119824 46.827699663081 19.317078547413
 8630 0 60 -205.23162461347 46.827727828473 19.31707844834
 8630.1 0 60 -205.23162461347 46.827727828473 19.31707844834
 8630.2 0 60 -205.23162461347 46.827714026211 19.317078375581
 8630.3 0 60 -205.23162461347 46.827714026211 19.317078375581
 8630.4 0 60 -205.23149368753 46.827710461183 19.317078657526
 8630.5 0 60 -205.23149368753 46.827710461183 19.317078657526
 8630.6 0 60 -205.2315569895 46.827728413168 19.317078246715
 8630.7 0 60 -205.2315569895 46.827728413168 19.317078246715
 8630.8 0 60 -205.23178928827 46.827703420994 19.317078156275
 8630.9 0 60 -205.23178928827 46.827703420994 19.317078156275
 8631 0 60 -205.23176783596 46.827706193158 19.317078379951
 8631.1 0 60 -205.23176783596 46.827706193158 19.317078379951
 8631.2 0 60 -205.23176783596 46.827706193158 19.317078379951
 8631.3 0 60 -205.2317859802 46.827717754119 19.317078350613
 8631.4 0 60 -205.2317859802 46.82771016652 19.317079091682
 8631.5 0 60 -205.2317859802 46.82771016652 19.317079091682
 8631.6 0 60 -205.23105429572 46.827723869375 19.317078851843
 8631.7 0 60 -205.23105429572 46.827723869375 19.317078851843
 8631.8 0 60 -205.231130699 46.82770628372 19.317079251132
 8631.9 0 60 -205.231130699 46.82770628372 19.317079251132
 8632 0 60 -205.2312823494 46.827716714791 19.317078578225
 8632.1 0 60 -205.23155247596 46.827720502878 19.31707877052
 8632.2 0 60 -205.23155247596 46.827720502878 19.31707877052
 8632.3 0 60 -205.23149311037 46.827716905972 19.317078262749
 8632.4 0 60 -205.23149311037 46.827716905972 19.317078262749
 8632.5 0 60 -205.23149311037 46.827734396219 19.317078856299
 8632.6 0 60 -205.23149311037 46.827734396219 19.317078856299
 8632.7 0 60 -205.23162844302 46.82770868891 19.317078528179
 8632.8 0 60 -205.23162844302 46.82770868891 19.317078528179
 8632.9 0 60 -205.23179788223 46.827722550676 19.317077844789
 8633 0 60 -205.23179788223 46.827722550676 19.317077844789
 8633.1 0 60 -205.23179788223 46.827722550676 19.317077844789
 8633.2 0 60 -205.23126171832 46.827696748746 19.317078126525
 8633.3 0 60 -205.23126171832 46.827696748746 19.317078126525
 8633.4 0 60 -205.23122710862 46.827727744861 19.317078523024
 8633.5 0 60 -205.23122710862 46.827727744861 19.317078523024
 8633.6 0 60 -205.23185876537 46.827720059786 19.317079247206
 8633.7 0 60 -205.23185876537 46.827720059786 19.317079247206
 8633.8 0 60 -205.23185876537 46.827720059786 19.317079247206
 8633.9 0 60 -205.2317376607 46.827716344464 19.317078356043
 8634 0 60 -205.2317376607 46.827716344464 19.317078356043
 8634.1 0 60 -205.23175580934 46.827737841041 19.317078267655
 8634.2 0 60 -205.23175580934 46.827737841041 19.317078267655
 8634.3 0 60 -205.23164000805 46.82771210629 19.317077771241
 8634.4 0 60 -205.23164000805 46.82771210629 19.317077771241
 8634.5 0 60 -205.23173634554 46.827728869587 19.317078624153
 8634.6 0 60 -205.23173634554 46.827695565637 19.317078577149
 8634.7 0 60 -205.23173634554 46.827695565637 19.317078577149
 8634.8 0 60 -205.23173634554 46.827695565637 19.317078577149
 8634.9 0 60 -205.23159704919 46.827716816914 19.317078524063
 8635 0 60 -205.23151345589 46.827712782331 19.317078486085
 8635.1 0 60 -205.23151345589 46.827712782331 19.317078486085
 8635.2 0 60 -205.23162197494 46.82770836531 19.317078514221
 8635.3 0 60 -205.23162197494 46.82770836531 19.317078514221
 8635.4 0 60 -205.23169903123 46.82771494762 19.3170782566
 8635.5 0 60 -205.23169903123 46.82771494762 19.3170782566
 8635.6 0 60 -205.23169903123 46.82771494762 19.3170782566
 8635.7 0 60 -205.23123503163 46.827717639225 19.31707870624
 8635.8 0 60 -205.23123503163 46.827717639225 19.31707870624
 8635.9 0 60 -205.23123503163 46.827717639225 19.31707870624
 8636 0 60 -205.23133696 46.827698193784 19.317078472076
 8636.1 0 60 -205.23135628108 46.827697974077 19.317078050615
 8636.2 0 60 -205.23135628108 46.827697974077 19.317078050615
 8636.3 0 60 -205.23135628108 46.827697974077 19.317078050615
 8636.4 0 60 -205.23121598991 46.827711754652 19.317078246136
 8636.5 0 60 -205.23121598991 46.827711754652 19.317078246136
 8636.6 0 60 -205.23161401667 46.82772886811 19.317077999099
 8636.7 0 60 -205.23161401667 46.82772886811 19.317077999099
 8636.8 0 60 -205.23154810329 46.827720577119 19.317078376254
 8636.9 0 60 -205.23154810329 46.827706512272 19.317078466476
 8637 0 60 -205.23154810329 46.827706512272 19.317078466476
 8637.1 0 60 -205.23159398819 46.827716260372 19.317079015574
 8637.2 0 60 -205.23164725582 46.82772729512 19.317078504146
 8637.3 0 60 -205.23164725582 46.82772729512 19.317078504146
 8637.4 0 60 -205.23155742447 46.827729182105 19.317078246288
 8637.5 0 60 -205.23155742447 46.827729182105 19.317078246288
 8637.6 0 60 -205.23154625299 46.827714739673 19.3170781341
 8637.7 0 60 -205.23154625299 46.827714739673 19.3170781341
 8637.8 0 60 -205.23167370435 46.827715999648 19.317078353807
 8637.9 0 60 -205.23167370435 46.827715999648 19.317078353807
 8638 0 60 -205.23144548211 46.827705298502 19.317078873593
 8638.1 0 60 -205.23161213682 46.827721973377 19.317078485882
 8638.2 0 60 -205.23161213682 46.827721973377 19.317078485882
 8638.3 0 60 -205.23161213682 46.827721973377 19.317078485882
 8638.4 0 60 -205.23161213682 46.827717789892 19.317077751373
 8638.5 0 60 -205.23161213682 46.827717789892 19.317077751373
 8638.6 0 60 -205.23109440176 46.827730815901 19.317078479818
 8638.7 0 60 -205.23109440176 46.827730815901 19.317078479818
 8638.8 0 60 -205.23109440176 46.827730815901 19.317078479818
 8638.9 0 60 -205.23172617594 46.827714324537 19.317077880423
 8639 0 60 -205.23130312943 46.827721060406 19.317078441039
 8639.1 0 60 -205.23130312943 46.827721060406 19.317078441039
 8639.2 0 60 -205.23130312943 46.827716027563 19.31707850113
 8639.3 0 60 -205.23130312943 46.827716027563 19.31707850113
 8639.4 0 60 -205.23153079571 46.827711037272 19.317078329317
 8639.5 0 60 -205.23153079571 46.827711037272 19.317078329317
 8639.6 0 60 -205.23139790111 46.827715769667 19.317077885653
 8639.7 0 60 -205.23139790111 46.82772284224 19.317078186593
 8639.8 0 60 -205.23139790111 46.82772284224 19.317078186593
 8639.9 0 60 -205.23139790111 46.82772284224 19.317078186593
 8640 0 60 -205.23152320842 46.827728705375 19.317078359554
 8640.1 0 60 -205.23156944182 46.827698558795 19.317078644318
 8640.2 0 60 -205.23156944182 46.827705990385 19.317079226275
 8640.3 0 60 -205.23156944182 46.827705990385 19.317079226275
 8640.4 0 60 -205.23170601213 46.82772240302 19.317078315138
 8640.5 0 60 -205.23170601213 46.827710650953 19.317077639148
 8640.6 0 60 -205.23170601213 46.827710650953 19.317077639148
 8640.7 0 60 -205.23162055833 46.827726979724 19.317078834454
 8640.8 0 60 -205.23162055833 46.827726979724 19.317078834454
 8640.9 0 60 -205.23163713461 46.827722465358 19.317077838534
 8641 0 60 -205.23163713461 46.827722465358 19.317077838534
 8641.1 0 60 -205.23149212389 46.827717965781 19.317077927085
 8641.2 0 60 -205.23149212389 46.827717965781 19.317077927085
 8641.3 0 60 -205.23149212389 46.827717965781 19.317077927085
 8641.4 0 60 -205.23160235601 46.82770918542 19.317078082272
 8641.5 0 60 -205.23160235601 46.82770918542 19.317078082272
 8641.6 0 60 -205.23154561391 46.827707486559 19.317078074406
 8641.7 0 60 -205.23154561391 46.827707486559 19.317078074406
 8641.8 0 60 -205.23154561391 46.827707486559 19.317078074406
 8641.9 0 60 -205.2310289347 46.827714681897 19.317079022116
 8642 0 60 -205.2310289347 46.827714681897 19.317079022116
 8642.1 0 60 -205.23135187156 46.827705838034 19.317078568235
 8642.2 0 60 -205.23135187156 46.827705838034 19.317078568235
 8642.3 0 60 -205.23147100214 46.827700600006 19.317077947956
 8642.4 0 60 -205.23147100214 46.827700600006 19.317077947956
 8642.5 0 60 -205.23161713712 46.827713528152 19.317077887004
 8642.6 0 60 -205.23161713712 46.827720245482 19.317078247203
 8642.7 0 60 -205.23161713712 46.827720245482 19.317078247203
 8642.8 0 60 -205.23161713712 46.827720245482 19.317078247203
 8642.9 0 60 -205.23148793153 46.827724032373 19.317078790001
 8643 0 60 -205.23070023735 46.827712625612 19.317078423082
 8643.1 0 60 -205.23070023735 46.827712625612 19.317078423082
 8643.2 0 60 -205.23070023735 46.827712625612 19.317078423082
 8643.3 0 60 -205.23070023735 46.827712625612 19.317078423082
 8643.4 0 60 -205.23155687995 46.827713119583 19.317078014076
 8643.5 0 60 -205.23155687995 46.827713119583 19.317078014076
 8643.6 0 60 -205.2315319184 46.827707863207 19.317078552018
 8643.7 0 60 -205.2315319184 46.827707863207 19.317078552018
 8643.8 0 60 -205.23140709365 46.827708722788 19.317077549172
 8643.9 0 60 -205.23140709365 46.827708722788 19.317077549172
 8644 0 60 -205.2316988897 46.8277212193 19.31707828968
 8644.1 0 60 -205.2316988897 46.8277212193 19.31707828968
 8644.2 0 60 -205.23160142516 46.82772102969 19.317079461889
 8644.3 0 60 -205.23160142516 46.82772102969 19.317079461889
 8644.4 0 60 -205.23160142516 46.827731312303 19.317078439596
 8644.5 0 60 -205.23107062664 46.82771535872 19.31707835633
 8644.6 0 60 -205.23107062664 46.82771535872 19.31707835633
 8644.7 0 60 -205.23137980259 46.827715878687 19.317078278436
 8644.8 0 60 -205.23137980259 46.827715878687 19.317078278436
 8644.9 0 60 -205.23137980259 46.827715878687 19.317078278436
 8645 0 60 -205.23126065739 46.827728489358 19.317078228354
 8645.1 0 60 -205.23126065739 46.827728489358 19.317078228354
 8645.2 0 60 -205.23151806946 46.827719287823 19.31707821399
 8645.3 0 60 -205.23151806946 46.827719287823 19.31707821399
 8645.4 0 60 -205.23141816643 46.827716604265 19.317078279878
 8645.5 0 60 -205.23148201511 46.827723289951 19.317078092669
 8645.6 0 60 -205.23148201511 46.827723289951 19.317078092669
 8645.7 0 60 -205.23104480897 46.827719936833 19.317077961213
 8645.8 0 60 -205.23104480897 46.827719936833 19.317077961213
 8645.9 0 60 -205.23106783892 46.827714463562 19.317078659811
 8646 0 60 -205.23106783892 46.827714463562 19.317078659811
 8646.1 0 60 -205.23106783892 46.827703470231 19.317077858251
 8646.2 0 60 -205.23106783892 46.827703470231 19.317077858251
 8646.3 0 60 -205.23109056796 46.82771887386 19.317078176428
 8646.4 0 60 -205.23109056796 46.82771887386 19.317078176428
 8646.5 0 60 -205.23144479604 46.827709703558 19.31707799287
 8646.6 0 60 -205.23144479604 46.82772210287 19.317078430472
 8646.7 0 60 -205.23144479604 46.82772210287 19.317078430472
 8646.8 0 60 -205.23137376418 46.827691086708 19.317078344558
 8646.9 0 60 -205.23137376418 46.827691086708 19.317078344558
 8647 0 60 -205.23113886327 46.827700044555 19.317078497721
 8647.1 0 60 -205.23113886327 46.827700044555 19.317078497721
 8647.2 0 60 -205.23146834448 46.827700701017 19.317077596127
 8647.3 0 60 -205.23146834448 46.827700701017 19.317077596127
 8647.4 0 60 -205.23137176394 46.827712595591 19.317077946327
 8647.5 0 60 -205.23133129699 46.827719216289 19.317078014822
 8647.6 0 60 -205.23133129699 46.827719216289 19.317078014822
 8647.7 0 60 -205.23133129699 46.827713198974 19.317078359465
 8647.8 0 60 -205.23133129699 46.827713198974 19.317078359465
 8647.9 0 60 -205.23145587539 46.827728426209 19.317077666423
 8648 0 60 -205.23145587539 46.827728426209 19.317077666423
 8648.1 0 60 -205.23144215013 46.827715623077 19.317077930157
 8648.2 0 60 -205.23144215013 46.827715623077 19.317077930157
 8648.3 0 60 -205.2313105442 46.827731018098 19.317078212384
 8648.4 0 60 -205.2313105442 46.827731018098 19.317078212384
 8648.5 0 60 -205.23143186244 46.827706565306 19.317078453698
 8648.6 0 60 -205.23143186244 46.827706565306 19.317078453698
 8648.7 0 60 -205.23143186244 46.827706565306 19.317078453698
 8648.8 0 60 -205.23147540961 46.827699886183 19.317078796394
 8648.9 0 60 -205.230853224 46.827714909796 19.317077994601
 8649 0 60 -205.23102065427 46.827705286585 19.317078237869
 8649.1 0 60 -205.23122019804 46.827708434949 19.317078143486
 8649.2 0 60 -205.23122019804 46.827708434949 19.317078143486
 8649.3 0 60 -205.23122019804 46.827708434949 19.317078143486
 8649.4 0 60 -205.23118697204 46.827723409705 19.317078278837
 8649.5 0 60 -205.23118697204 46.827723409705 19.317078278837
 8649.6 0 60 -205.23137779825 46.82770142514 19.317078022883
 8649.7 0 60 -205.23137779825 46.82770142514 19.317078022883
 8649.8 0 60 -205.23135401869 46.827713237727 19.317077862291
 8649.9 0 60 -205.23135401869 46.827713237727 19.317077862291
 8650 60 60 -205.23134229381 46.82772180696 19.317081631661
 8650.1 60 60 -205.23134229381 46.82772180696 19.317081631661
 8650.2 60 60 -205.22231658177 46.827727039762 19.317513805702
 8650.3 60 60 -205.22231658177 46.827727039762 19.317513805702
 8650.4 60 60 -205.19556535248 46.827689724123 19.317741660867
 8650.5 60 60 -205.19556535248 46.827689724123 19.317741660867
 8650.6 60 60 -205.18544245601 46.827670930743 19.317934194304
 8650.7 60 60 -205.18544245601 46.827670930743 19.317934194304
 8650.8 60 60 -205.18544245601 46.827670930743 19.317934194304
 8650.9 60 60 -205.18053139744 46.827678149161 19.318056563173
 8651 60 60 -205.18053139744 46.827678149161 19.318056563173
 8651.1 60 60 -205.17743477952 46.827674448416 19.318122843013
 8651.2 60 60 -205.17432631813 46.827674230987 19.318175378497
 8651.3 60 60 -205.17432631813 46.827674230987 19.318175378497
 8651.4 60 60 -205.17146506222 46.827675455554 19.318212235736
 8651.5 60 60 -205.17146506222 46.827675455554 19.318212235736
 8651.6 60 60 -205.16900609232 46.827656969678 19.318236510551
 8651.7 60 60 -205.16900609232 46.827656969678 19.318236510551
 8651.8 60 60 -205.16884240763 46.827664897136 19.318250481064
 8651.9 60 60 -205.16884240763 46.827664897136 19.318250481064
 8652 60 60 -205.17061413607 46.827679873405 19.318196504638
 8652.1 60 60 -205.17061413607 46.827679873405 19.318196504638
 8652.2 60 60 -205.17061413607 46.827679873405 19.318196504638
 8652.3 60 60 -205.17240912487 46.82769882285 19.318183445383
 8652.4 60 60 -205.17196209286 46.827686181923 19.318186023365
 8652.5 60 60 -205.17196209286 46.827686181923 19.318186023365
 8652.6 60 60 -205.17196209286 46.827700384607 19.318189259812
 8652.7 60 60 -205.17187581859 46.827684478964 19.3181892038
 8652.8 60 60 -205.17152918683 46.827677974713 19.318189584584
 8652.9 60 60 -205.17152918683 46.827677974713 19.318189584584
 8653 60 60 -205.17157411832 46.827693354407 19.318189441084
 8653.1 60 60 -205.17157411832 46.827693354407 19.318189441084
 8653.2 60 60 -205.17157411832 46.827693354407 19.318189441084
 8653.3 60 60 -205.17156012778 46.827683900686 19.318190002372
 8653.4 60 60 -205.17156012778 46.827672084133 19.318189347004
 8653.5 60 60 -205.17156012778 46.827672084133 19.318189347004
 8653.6 60 60 -205.17177577441 46.827686618278 19.318189894004
 8653.7 60 60 -205.17177577441 46.827686618278 19.318189894004
 8653.8 60 60 -205.1717633559 46.827677219593 19.318189043062
 8653.9 60 60 -205.1717633559 46.827677219593 19.318189043062
 8654 60 60 -205.17176368095 46.827688851083 19.318188711528
 8654.1 60 60 -205.17199602219 46.827673658883 19.318188830925
 8654.2 60 60 -205.17199602219 46.827673658883 19.318188830925
 8654.3 60 60 -205.17213682753 46.82769082774 19.318188137206
 8654.4 60 60 -205.17213682753 46.82769082774 19.318188137206
 8654.5 60 60 -205.17132671548 46.827690392538 19.318188391954
 8654.6 60 60 -205.17132671548 46.827672505155 19.318188023193
 8654.7 60 60 -205.17132671548 46.827672505155 19.318188023193
 8654.8 60 60 -205.17132671548 46.827672505155 19.318188023193
 8654.9 60 60 -205.17208772405 46.827689428397 19.318187815839
 8655 60 60 -205.17208772405 46.827689428397 19.318187815839
 8655.1 60 60 -205.17198070984 46.827698777129 19.318188703126
 8655.2 60 60 -205.17179434099 46.827670625977 19.318188358647
 8655.3 60 60 -205.17179434099 46.827670625977 19.318188358647
 8655.4 60 60 -205.17179434099 46.827661207837 19.318187826488
 8655.5 60 60 -205.17179434099 46.827661207837 19.318187826488
 8655.6 60 60 -205.17172606314 46.827676146217 19.318188303396
 8655.7 60 60 -205.17172606314 46.827676146217 19.318188303396
 8655.8 60 60 -205.17139669247 46.827687247091 19.318188567167
 8655.9 60 60 -205.17139669247 46.827687247091 19.318188567167
 8656 60 60 -205.17157299114 46.827662245538 19.318187837601
 8656.1 60 60 -205.17157299114 46.827662245538 19.318187837601
 8656.2 60 60 -205.17156452548 46.827676929472 19.31818836265
 8656.3 60 60 -205.17156452548 46.827676929472 19.31818836265
 8656.4 60 60 -205.17156452548 46.827676929472 19.31818836265
 8656.5 60 60 -205.17168194806 46.827667596265 19.318188027299
 8656.6 60 60 -205.17191564615 46.827685532943 19.318188410937
 8656.7 60 60 -205.17191564615 46.827685532943 19.318188410937
 8656.8 60 60 -205.17168918396 46.827672631949 19.318187959885
 8656.9 60 60 -205.17168918396 46.827672631949 19.318187959885
 8657 60 60 -205.17206028663 46.82768679123 19.318187959222
 8657.1 60 60 -205.17206028663 46.82768679123 19.318187959222
 8657.2 60 60 -205.17106363927 46.827679318742 19.318188388686
 8657.3 60 60 -205.17189307603 46.827693314168 19.318188253749
 8657.4 60 60 -205.17189307603 46.827693314168 19.318188253749
 8657.5 60 60 -205.17189307603 46.827693314168 19.318188253749
 8657.6 60 60 -205.1719162006 46.827679977746 19.31818864173
 8657.7 60 60 -205.1719162006 46.827679977746 19.31818864173
 8657.8 60 60 -205.1719162006 46.827679977746 19.31818864173
 8657.9 60 60 -205.17178817753 46.827678904968 19.318188045122
 8658 60 60 -205.17178817753 46.827678904968 19.318188045122
 8658.1 60 60 -205.1720022208 46.827686765249 19.318188841416
 8658.2 60 60 -205.17170434534 46.827683270011 19.318188172017
 8658.3 60 60 -205.17176539706 46.827664748709 19.318188132263
 8658.4 60 60 -205.17176539706 46.827664748709 19.318188132263
 8658.5 60 60 -205.17133095676 46.827681237816 19.318188559036
 8658.6 60 60 -205.17133095676 46.827690365603 19.318188910009
 8658.7 60 60 -205.17133095676 46.827690365603 19.318188910009
 8658.8 60 60 -205.17133095676 46.827690365603 19.318188910009
 8658.9 60 60 -205.17145416026 46.827683523328 19.318187542514
 8659 60 60 -205.17160013057 46.827691212146 19.318188143733
 8659.1 60 60 -205.17160013057 46.827691212146 19.318188143733
 8659.2 60 60 -205.17185009512 46.827686867698 19.318188141163
 8659.3 60 60 -205.17185009512 46.827686867698 19.318188141163
 8659.4 60 60 -205.17185009512 46.827686867698 19.318188141163
 8659.5 60 60 -205.17185009512 46.827679487937 19.3181884157
 8659.6 60 60 -205.17185009512 46.827679487937 19.3181884157
 8659.7 60 60 -205.17170247932 46.827650348769 19.318188621538
 8659.8 60 60 -205.17170247932 46.827650348769 19.318188621538
 8659.9 60 60 -205.17199810163 46.827682749263 19.31818872175
 8660 60 60 -205.17199810163 46.827682749263 19.31818872175
 8660.1 60 60 -205.17172520526 46.827694018395 19.318188416141
 8660.2 60 60 -205.17172520526 46.827694018395 19.318188416141
 8660.3 60 60 -205.17196794092 46.827668485242 19.318188788844
 8660.4 60 60 -205.1717866727 46.827679843576 19.318187947197
 8660.5 60 60 -205.1717866727 46.827679843576 19.318187947197
 8660.6 60 60 -205.1717866727 46.827679843576 19.318187947197
 8660.7 60 60 -205.1717866727 46.827679843576 19.318187947197
 8660.8 60 60 -205.1717978533 46.82767808092 19.318188460142
 8660.9 60 60 -205.1717978533 46.82767808092 19.318188460142
 8661 60 60 -205.1717978533 46.82767808092 19.318188460142
 8661.1 60 60 -205.17149185997 46.827667509676 19.31818907317
 8661.2 60 60 -205.17149185997 46.827667509676 19.31818907317
 8661.3 60 60 -205.17166048496 46.827681635765 19.318188247284
 8661.4 60 60 -205.17173632252 46.827703587014 19.318189265987
 8661.5 60 60 -205.17173632252 46.827703587014 19.318189265987
 8661.6 60 60 -205.17182263108 46.82766854736 19.318188627776
 8661.7 60 60 -205.17182263108 46.82766854736 19.318188627776
 8661.8 60 60 -205.1718414943 46.827682483741 19.318188105833
 8661.9 60 60 -205.1718414943 46.827682483741 19.318188105833
 8662 60 60 -205.17179710976 46.827674413239 19.31818799013
 8662.1 60 60 -205.17179710976 46.827674413239 19.31818799013
 8662.2 60 60 -205.1718637593 46.827688044478 19.318187881177
 8662.3 60 60 -205.1718637593 46.827688044478 19.318187881177
 8662.4 60 60 -205.17203032925 46.827693967183 19.318188254481
 8662.5 60 60 -205.17203032925 46.827693967183 19.318188254481
 8662.6 60 60 -205.17203032925 46.827693967183 19.318188254481
 8662.7 60 60 -205.17182975134 46.82767462937 19.318189286052
 8662.8 60 60 -205.17182975134 46.82767462937 19.318189286052
 8662.9 60 60 -205.17182975134 46.82767462937 19.318189286052
 8663 60 60 -205.17153899406 46.82767169225 19.318188455972
 8663.1 60 60 -205.17153899406 46.82767169225 19.318188455972
 8663.2 60 60 -205.17161479547 46.827685244707 19.318189528758
 8663.3 60 60 -205.17171423898 46.827651090021 19.318187790099
 8663.4 60 60 -205.17171423898 46.827651090021 19.318187790099
 8663.5 60 60 -205.17171423898 46.827651090021 19.318187790099
 8663.6 60 60 -205.1717938514 46.827664524624 19.318188618356
 8663.7 60 60 -205.1717938514 46.827693788343 19.318188263446
 8663.8 60 60 -205.1717938514 46.827693788343 19.318188263446
 8663.9 60 60 -205.17172738409 46.827686037256 19.318187969836
 8664 60 60 -205.17172738409 46.827686037256 19.318187969836
 8664.1 60 60 -205.17162405836 46.82765331306 19.318188212429
 8664.2 60 60 -205.17162405836 46.82765331306 19.318188212429
 8664.3 60 60 -205.17186244615 46.827669275774 19.31818799612
 8664.4 60 60 -205.17186244615 46.827669275774 19.31818799612
 8664.5 60 60 -205.17116160667 46.827660975627 19.318188229947
 8664.6 60 60 -205.17116160667 46.827660975627 19.318188229947
 8664.7 60 60 -205.1717095046 46.827695523524 19.318188293122
 8664.8 60 60 -205.1717095046 46.827695523524 19.318188293122
 8664.9 60 60 -205.17184561197 46.827684323407 19.318188925719
 8665 60 60 -205.17184561197 46.827684323407 19.318188925719
 8665.1 60 60 -205.17175381875 46.827675909838 19.318188513591
 8665.2 60 60 -205.17175381875 46.827675909838 19.318188513591
 8665.3 60 60 -205.17199470285 46.827688944779 19.318188342091
 8665.4 60 60 -205.17199470285 46.827688944779 19.318188342091
 8665.5 60 60 -205.17169296544 46.827680720413 19.318188382276
 8665.6 60 60 -205.17169296544 46.827680720413 19.318188382276
 8665.7 60 60 -205.17088669291 46.827669360733 19.318189009017
 8665.8 60 60 -205.17168354974 46.827679843737 19.318188367103
 8665.9 60 60 -205.17168354974 46.827679843737 19.318188367103
 8666 60 60 -205.17165353559 46.827690288279 19.318188273759
 8666.1 60 60 -205.17165353559 46.827690288279 19.318188273759
 8666.2 60 60 -205.17165353559 46.827690288279 19.318188273759
 8666.3 60 60 -205.17166405415 46.827677181998 19.318188073789
 8666.4 60 60 -205.17164925103 46.827689964719 19.318188474913
 8666.5 60 60 -205.17164925103 46.827689964719 19.318188474913
 8666.6 60 60 -205.17164460222 46.827685795562 19.318188880126
 8666.7 60 60 -205.17164460222 46.827685795562 19.318188880126
 8666.8 60 60 -205.17164460222 46.827685795562 19.318188880126
 8666.9 60 60 -205.17164460222 46.827685795562 19.318188880126
 8667 60 60 -205.17164460222 46.827685795562 19.318188880126
 8667.1 60 60 -205.1712266485 46.827690171115 19.318188245266
 8667.2 60 60 -205.1712266485 46.827690171115 19.318188245266
 8667.3 60 60 -205.17123328189 46.8276813484 19.31818882582
 8667.4 60 60 -205.17123328189 46.827683877156 19.318188828921
 8667.5 60 60 -205.17144213951 46.827669773344 19.318188716034
 8667.6 60 60 -205.17158431753 46.827661159594 19.318188690161
 8667.7 60 60 -205.17158431753 46.827661159594 19.318188690161
 8667.8 60 60 -205.17158431753 46.827688043786 19.318188175091
 8667.9 60 60 -205.17158431753 46.827688043786 19.318188175091
 8668 60 60 -205.17159850858 46.827700606738 19.318188216048
 8668.1 60 60 -205.17159850858 46.827700606738 19.318188216048
 8668.2 60 60 -205.17150451954 46.827681776546 19.318188619587
 8668.3 60 60 -205.17182376415 46.827694235981 19.318188185649
 8668.4 60 60 -205.17182376415 46.827694235981 19.318188185649
 8668.5 60 60 -205.17174858442 46.827687292627 19.318188121245
 8668.6 60 60 -205.17114256662 46.827657136336 19.318188168759
 8668.7 60 60 -205.17114256662 46.827657136336 19.318188168759
 8668.8 60 60 -205.17114256662 46.827683984834 19.318188499121
 8668.9 60 60 -205.17114256662 46.827683984834 19.318188499121
 8669 60 60 -205.17165667673 46.827675007627 19.318188613195
 8669.1 60 60 -205.17165667673 46.827675007627 19.318188613195
 8669.2 60 60 -205.1716589725 46.827684691799 19.318188565094
 8669.3 60 60 -205.17153764345 46.827678554829 19.318187856217
 8669.4 60 60 -205.17153764345 46.827678554829 19.318187856217
 8669.5 60 60 -205.1717062099 46.827683269252 19.318187779576
 8669.6 60 60 -205.1717062099 46.827683269252 19.318187779576
 8669.7 60 60 -205.1717062099 46.827672125127 19.318188162002
 8669.8 60 60 -205.17161048507 46.827676665994 19.318188244025
 8669.9 60 60 -205.17161048507 46.827676665994 19.318188244025
 8670 60 60 -205.17161467867 46.827667534906 19.318188369758
 8670.1 60 60 -205.17161467867 46.827667534906 19.318188369758
 8670.2 60 60 -205.17157810352 46.82766080165 19.318188529096
 8670.3 60 60 -205.17157810352 46.82766080165 19.318188529096
 8670.4 60 60 -205.1715010777 46.827694554836 19.318188650687
 8670.5 60 60 -205.1715010777 46.82768013484 19.318188192252
 8670.6 60 60 -205.1715010777 46.82768013484 19.318188192252
 8670.7 60 60 -205.17170174153 46.827685177139 19.318188386648
 8670.8 60 60 -205.17170174153 46.82767857682 19.318188668771
 8670.9 60 60 -205.17123883773 46.827683330087 19.318188532627
 8671 60 60 -205.17123883773 46.827683330087 19.318188532627
 8671.1 60 60 -205.17160072149 46.827695339336 19.318188774883
 8671.2 60 60 -205.17160072149 46.827695339336 19.318188774883
 8671.3 60 60 -205.17160072149 46.827695339336 19.318188774883
 8671.4 60 60 -205.17102160297 46.827659956151 19.318188746945
 8671.5 60 60 -205.17096839191 46.827672300947 19.31818831513
 8671.6 60 60 -205.17096839191 46.827672300947 19.31818831513
 8671.7 60 60 -205.17096839191 46.827679992844 19.318188622198
 8671.8 60 60 -205.17096839191 46.827679992844 19.318188622198
 8671.9 60 60 -205.17161289287 46.827668251407 19.318188388903
 8672 0 60 -205.17257596906 46.827685434855 19.318168403462
 8672.1 0 60 -205.17257596906 46.827685434855 19.318168403462
 8672.2 0 60 -205.17257596906 46.827685434855 19.318168403462
 8672.3 0 60 -205.17257596906 46.827733886571 19.31763898484
 8672.4 0 60 -205.17257596906 46.827733886571 19.31763898484
 8672.5 0 60 -205.2009766984 46.82770801448 19.317437404636
 8672.6 0 60 -205.2009766984 46.82770801448 19.317437404636
 8672.7 0 60 -205.21666190578 46.827692217929 19.317346208857
 8672.8 0 60 -205.21666190578 46.827692217929 19.317346208857
 8672.9 0 60 -205.21666190578 46.82772417171 19.317243456926
 8673 0 60 -205.21666190578 46.82772417171 19.317243456926
 8673.1 0 60 -205.2256982934 46.827688690158 19.317174607915
 8673.2 0 60 -205.2256982934 46.827725884003 19.317143502708
 8673.3 0 60 -205.2256982934 46.827725884003 19.317143502708
 8673.4 0 60 -205.22801665625 46.827714746519 19.317126430368
 8673.5 0 60 -205.22801665625 46.827714746519 19.317126430368
 8673.6 0 60 -205.22910047121 46.827708480455 19.317107477169
 8673.7 0 60 -205.22910047121 46.827708480455 19.317107477169
 8673.8 0 60 -205.22963462077 46.827724339599 19.317095601613
 8673.9 0 60 -205.22963462077 46.827724339599 19.317095601613
 8674 0 60 -205.22999459439 46.827693933615 19.317088528414
 8674.1 0 60 -205.22999459439 46.827693933615 19.317088528414
 8674.2 0 60 -205.2300910192 46.82770047134 19.317086829013
 8674.3 0 60 -205.2300910192 46.82770047134 19.317086829013
 8674.4 0 60 -205.2300910192 46.82770047134 19.317086829013
 8674.5 0 60 -205.23083318585 46.827719492243 19.317082696313
 8674.6 0 60 -205.23083318585 46.827719492243 19.317082696313
 8674.7 0 60 -205.23044386127 46.827704560817 19.317081707092
 8674.8 0 60 -205.23044386127 46.827704560817 19.317081707092
 8674.9 0 60 -205.23044386127 46.827704560817 19.317081707092
 8675 0 60 -205.23095632823 46.827722413506 19.317079747116
 8675.1 0 60 -205.23095632823 46.827722413506 19.317079747116
 8675.2 0 60 -205.23095632823 46.827722413506 19.317079747116
 8675.3 0 60 -205.23095700605 46.827716403858 19.317080102609
 8675.4 0 60 -205.23095700605 46.827716403858 19.317080102609
 8675.5 0 60 -205.23100104074 46.827706263561 19.317078409596
 8675.6 0 60 -205.23100104074 46.827706263561 19.317078409596
 8675.7 0 60 -205.23095167041 46.82769549055 19.317079264405
 8675.8 0 60 -205.23095167041 46.82769549055 19.317079264405
 8675.9 0 60 -205.23092881249 46.827723137948 19.317079507732
 8676 0 60 -205.23095203653 46.827712885703 19.317078873773
 8676.1 0 60 -205.23107997511 46.827695905993 19.317078720017
 8676.2 0 60 -205.23107997511 46.827695905993 19.317078720017
 8676.3 0 60 -205.23107997511 46.82770648827 19.317078972624
 8676.4 0 60 -205.23107997511 46.82770648827 19.317078972624
 8676.5 0 60 -205.23095780656 46.827717422366 19.317078357342
 8676.6 0 60 -205.23095780656 46.827717422366 19.317078357342
 8676.7 0 60 -205.23095780656 46.827717422366 19.317078357342
 8676.8 0 60 -205.23095780656 46.827687303934 19.317078551048
 8676.9 0 60 -205.23095780656 46.827687303934 19.317078551048
 8677 0 60 -205.23059876415 46.827715077374 19.317078905126
 8677.1 0 60 -205.23059876415 46.827715077374 19.317078905126
 8677.2 0 60 -205.23109332563 46.827725691164 19.317078646954
 8677.3 0 60 -205.23039840676 46.827712627911 19.317078965248
 8677.4 0 60 -205.23114464116 46.827718801718 19.317078964284
 8677.5 0 60 -205.23114464116 46.827718801718 19.317078964284
 8677.6 0 60 -205.23107246746 46.827727310437 19.317078656735
 8677.7 0 60 -205.23107246746 46.827727310437 19.317078656735
 8677.8 0 60 -205.23069264833 46.827714492104 19.317078952087
 8677.9 0 60 -205.23069264833 46.827720607839 19.317078543282
 8678 0 60 -205.23069264833 46.827720607839 19.317078543282
 8678.1 0 60 -205.23095949746 46.827711643318 19.317079054505
 8678.2 0 60 -205.23095949746 46.827711643318 19.317079054505
 8678.3 0 60 -205.23095949746 46.827693817151 19.317078988368
 8678.4 0 60 -205.23095949746 46.827693817151 19.317078988368
 8678.5 0 60 -205.23095647885 46.827706454191 19.317078599774
 8678.6 0 60 -205.23095647885 46.827706454191 19.317078599774
 8678.7 0 60 -205.23094492052 46.827714283505 19.31707952351
 8678.8 0 60 -205.23094492052 46.827714283505 19.31707952351
 8678.9 0 60 -205.23052973433 46.827726944647 19.31707814924
 8679 0 60 -205.23052973433 46.827726944647 19.31707814924
 8679.1 0 60 -205.23093360365 46.827717652211 19.317079329747
 8679.2 0 60 -205.23093360365 46.827717652211 19.317079329747
 8679.3 0 60 -205.23062672486 46.827728094305 19.317078647026
 8679.4 0 60 -205.23062672486 46.827728094305 19.317078647026
 8679.5 0 60 -205.23086413897 46.827731814032 19.317078392671
 8679.6 0 60 -205.23086413897 46.827731814032 19.317078392671
 8679.7 0 60 -205.23086413897 46.827714546159 19.31707854464
 8679.8 0 60 -205.23086413897 46.827714546159 19.31707854464
 8679.9 0 60 -205.23098914615 46.827709160533 19.317078785776
 8680 0 60 -205.23080023358 46.827713495978 19.317078657706
 8680.1 0 60 -205.23080023358 46.827713495978 19.317078657706
 8680.2 0 60 -205.23075826083 46.827723564849 19.317078952791
 8680.3 0 60 -205.23075826083 46.827723564849 19.317078952791
 8680.4 0 60 -205.23075826083 46.827690747461 19.317078728217
 8680.5 0 60 -205.23075826083 46.827690747461 19.317078728217
 8680.6 0 60 -205.23091229335 46.827700760531 19.317078493956
 8680.7 0 60 -205.23091229335 46.827700760531 19.317078493956
 8680.8 0 60 -205.23091229335 46.827700760531 19.317078493956
 8680.9 0 60 -205.23100334222 46.827716534169 19.317078052285
 8681 0 60 -205.23100334222 46.827716534169 19.317078052285
 8681.1 0 60 -205.23086642072 46.827726155896 19.317078412022
 8681.2 0 60 -205.23054223822 46.827706717798 19.317078538378
 8681.3 0 60 -205.23054223822 46.827706717798 19.317078538378
 8681.4 0 60 -205.23054223822 46.827695155424 19.317078640544
 8681.5 0 60 -205.23054223822 46.827695155424 19.317078640544
 8681.6 0 60 -205.23062262115 46.827724678139 19.31707788075
 8681.7 0 60 -205.23062262115 46.827724678139 19.31707788075
 8681.8 0 60 -205.23056697865 46.827710837861 19.317078369642
 8681.9 0 60 -205.23056697865 46.827710837861 19.317078369642
 8682 0 60 -205.23056697865 46.827710837861 19.317078369642
 8682.1 0 60 -205.23072724068 46.827703438841 19.317078059061
 8682.2 0 60 -205.23089567586 46.827709060136 19.317078178116
 8682.3 0 60 -205.23089567586 46.827709060136 19.317078178116
 8682.4 0 60 -205.23101964894 46.827720795357 19.317077830937
 8682.5 0 60 -205.23101964894 46.827720795357 19.317077830937
 8682.6 0 60 -205.23101964894 46.827720795357 19.317077830937
 8682.7 0 60 -205.23073222224 46.827712035952 19.317079009704
 8682.8 0 60 -205.23073222224 46.827712035952 19.317079009704
 8682.9 0 60 -205.23073222224 46.82771834996 19.317078544442
 8683 0 60 -205.23052907495 46.827706444533 19.31707860433
 8683.1 0 60 -205.23052907495 46.827706444533 19.31707860433
 8683.2 0 60 -205.23052907495 46.827733566194 19.317078362984
 8683.3 0 60 -205.23052907495 46.827733566194 19.317078362984
 8683.4 0 60 -205.23072447895 46.827716201292 19.317078474838
 8683.5 0 60 -205.23072447895 46.827716201292 19.317078474838
 8683.6 0 60 -205.23072447895 46.827716201292 19.317078474838
 8683.7 0 60 -205.23094775543 46.827709668206 19.317078447731
 8683.8 0 60 -205.23092654732 46.827723138565 19.317078662489
 8683.9 0 60 -205.23092654732 46.827723138565 19.317078662489
 8684 0 60 -205.23078737355 46.827707022463 19.31707832164
 8684.1 0 60 -205.23078737355 46.827707022463 19.31707832164
 8684.2 0 60 -205.23024757474 46.827716730408 19.317078570801
 8684.3 0 60 -205.23024757474 46.827716730408 19.317078570801
 8684.4 0 60 -205.23024757474 46.827716730408 19.317078570801
 8684.5 0 60 -205.23031210777 46.827706833607 19.317078154759
 8684.6 0 60 -205.23031210777 46.827706833607 19.317078154759
 8684.7 0 60 -205.23031210777 46.827706833607 19.317078154759
 8684.8 0 60 -205.23081544583 46.827696042033 19.317078451434
 8684.9 0 60 -205.23081313744 46.827707326007 19.317079316264
 8685 0 60 -205.23081313744 46.827707326007 19.317079316264
 8685.1 0 60 -205.23081313744 46.827711403079 19.317078731916
 8685.2 0 60 -205.23081313744 46.827711403079 19.317078731916
 8685.3 0 60 -205.2307306893 46.827701175372 19.317077803359
 8685.4 0 60 -205.2307306893 46.827701175372 19.317077803359
 8685.5 0 60 -205.23087342172 46.827708321722 19.317077985699
 8685.6 0 60 -205.23099226361 46.827711622054 19.317078096022
 8685.7 0 60 -205.23099226361 46.827711622054 19.317078096022
 8685.8 0 60 -205.23099226361 46.827711622054 19.317078096022
 8685.9 0 60 -205.23086380258 46.827702913298 19.3170782953
 8686 0 60 -205.23086380258 46.827702913298 19.3170782953
 8686.1 0 60 -205.23095901543 46.827712473226 19.317078191991
 8686.2 0 60 -205.23095901543 46.827712473226 19.317078191991
 8686.3 0 60 -205.23072658778 46.827717558438 19.317078285706
 8686.4 0 60 -205.23077972492 46.827721376581 19.317079112446
 8686.5 0 60 -205.23077972492 46.827721376581 19.317079112446
 8686.6 0 60 -205.23088725079 46.827692763729 19.317077611901
 8686.7 0 60 -205.23088725079 46.827692763729 19.317077611901
 8686.8 0 60 -205.23080712877 46.827719948473 19.317077779897
 8686.9 0 60 -205.23080712877 46.827719948473 19.317077779897
 8687 0 60 -205.23080712877 46.827719948473 19.317077779897
 8687.1 0 60 -205.23054126472 46.827712819323 19.317078626603
 8687.2 0 60 -205.23054126472 46.827718154403 19.317078260221
 8687.3 0 60 -205.23054126472 46.827718154403 19.317078260221
 8687.4 0 60 -205.23086826573 46.82772686674 19.317078334526
 8687.5 0 60 -205.23086826573 46.82772686674 19.317078334526
 8687.6 0 60 -205.23077311068 46.827712656985 19.317077836704
 8687.7 0 60 -205.23077311068 46.827712656985 19.317077836704
 8687.8 0 60 -205.23088560011 46.827718263022 19.317078038695
 8687.9 0 60 -205.2307317855 46.827705705925 19.317077919717
 8688 0 60 -205.2307317855 46.827705705925 19.317077919717
 8688.1 0 60 -205.2307317855 46.827705705925 19.317077919717
 8688.2 0 60 -205.23071444429 46.827714612247 19.317078154616
 8688.3 0 60 -205.23071444429 46.827721658235 19.317078374322
 8688.4 0 60 -205.23071444429 46.827721658235 19.317078374322
 8688.5 0 60 -205.23071444429 46.827721658235 19.317078374322
 8688.6 0 60 -205.23084092715 46.827709009061 19.317078474701
 8688.7 0 60 -205.23071254746 46.827721037923 19.317078022924
 8688.8 0 60 -205.23071254746 46.827721037923 19.317078022924
 8688.9 0 60 -205.23071254746 46.827721037923 19.317078022924
 8689 0 60 -205.23092926974 46.827706550446 19.317078073077
 8689.1 0 60 -205.2306707179 46.82771182301 19.317078900966
 8689.2 0 60 -205.2306707179 46.82771182301 19.317078900966
 8689.3 0 60 -205.2306707179 46.82771182301 19.317078900966
 8689.4 0 60 -205.2306851381 46.827705777225 19.317078081631
 8689.5 0 60 -205.2306851381 46.827705777225 19.317078081631
 8689.6 0 60 -205.23075345249 46.827732206719 19.317078602791
 8689.7 0 60 -205.23075345249 46.827732206719 19.317078602791
 8689.8 0 60 -205.23081529405 46.827719447103 19.317078156416
 8689.9 0 60 -205.23081529405 46.827719447103 19.317078156416
 8690 0 60 -205.23074646753 46.827706696734 19.317078154689
 8690.1 0 60 -205.23074646753 46.827706696734 19.317078154689
 8690.2 0 60 -205.23074646753 46.827710226389 19.317079163732
 8690.3 0 60 -205.23074646753 46.827710226389 19.317079163732
 8690.4 0 60 -205.2306916076 46.827702186126 19.317078044859
 8690.5 0 60 -205.2306916076 46.827702186126 19.317078044859
 8690.6 0 60 -205.2306916076 46.827702186126 19.317078044859
 8690.7 0 60 -205.23020310949 46.827692833308 19.317078054535
 8690.8 0 60 -205.23020310949 46.827692833308 19.317078054535
 8690.9 0 60 -205.23058648173 46.827692833308 19.317078054535
 8691 0 60 -205.23058648173 46.827702708966 19.317078764389
 8691.1 0 60 -205.23058648173 46.827702708966 19.317078764389
 8691.2 0 60 -205.23048882861 46.827707571304 19.317078548505
 8691.3 0 60 -205.23048882861 46.827707571304 19.317078548505
 8691.4 0 60 -205.23048882861 46.827707571304 19.317078548505
 8691.5 0 60 -205.23078746359 46.82771599336 19.317078162457
 8691.6 0 60 -205.23038776312 46.827702708994 19.317078458277
 8691.7 0 60 -205.23038776312 46.827702708994 19.317078458277
 8691.8 0 60 -205.23038776312 46.82771097662 19.317078131684
 8691.9 0 60 -205.23052941417 46.827715672632 19.317078024815
 8692 0 60 -205.23052941417 46.827715672632 19.317078024815
 8692.1 0 60 -205.23059416003 46.827723954282 19.317078436797
 8692.2 0 60 -205.23059416003 46.827723954282 19.317078436797
 8692.3 0 60 -205.23059416003 46.827723954282 19.317078436797
 8692.4 0 60 -205.23077085872 46.827710876667 19.317078192843
 8692.5 0 60 -205.23077085872 46.827710876667 19.317078192843
 8692.6 0 60 -205.23068914985 46.827719159436 19.317077971235
 8692.7 0 60 -205.23068914985 46.827719159436 19.317077971235
 8692.8 0 60 -205.23009382181 46.827705684478 19.317078309182
 8692.9 0 60 -205.23009382181 46.827705684478 19.317078309182
 8693 0 60 -205.23062842704 46.8276925576 19.317078188584
 8693.1 0 60 -205.23062842704 46.8276925576 19.317078188584
 8693.2 0 60 -205.23063402618 46.827721991587 19.317078163662
 8693.3 0 60 -205.23063402618 46.827721991587 19.317078163662
 8693.4 0 60 -205.2305855928 46.82773001312 19.317078233429
 8693.5 0 60 -205.2305855928 46.82773001312 19.317078233429
 8693.6 0 60 -205.23062005305 46.827694960168 19.317078385548
 8693.7 0 60 -205.23053612125 46.827721168728 19.317078430337
 8693.8 0 60 -205.23053612125 46.827721168728 19.317078430337
 8693.9 0 60 -205.23062716891 46.827709145067 19.317077907434
 8694 0 60 -205.23062716891 46.827709145067 19.317077907434
 8694.1 0 60 -205.23062716891 46.827709145067 19.317077907434
 8694.2 0 60 -205.23055088883 46.82771976195 19.317078396199
 8694.3 0 60 -205.23055088883 46.82771976195 19.317078396199
 8694.4 0 60 -205.23055088883 46.827724860192 19.317078082237
 8694.5 0 60 -205.23055088883 46.827724860192 19.317078082237
 8694.6 0 60 -205.23053079247 46.827711206205 19.317077960005
 8694.7 0 60 -205.23063849252 46.827717270418 19.317078275805
 8694.8 0 60 -205.23063849252 46.827717270418 19.317078275805
 8694.9 0 60 -205.23063849252 46.827717270418 19.317078275805
 8695 0 60 -205.23049657298 46.827703445539 19.317078395687
 8695.1 0 60 -205.23049657298 46.827703445539 19.317078395687
 8695.2 0 60 -205.2306703385 46.827712810765 19.317078309167
 8695.3 0 60 -205.23055385905 46.827717385301 19.317077692838
 8695.4 0 60 -205.23055385905 46.827717385301 19.317077692838
 8695.5 0 60 -205.23076035567 46.827721834087 19.3170775679
 8695.6 0 60 -205.23033533584 46.827707811929 19.317078443286
 8695.7 0 60 -205.23033533584 46.827707811929 19.317078443286
 8695.8 0 60 -205.23043399057 46.827712760797 19.317078597899
 8695.9 0 60 -205.23043399057 46.827712760797 19.317078597899
 8696 0 60 -205.23043399057 46.827712760797 19.317078597899
 8696.1 0 60 -205.23049975542 46.82772020382 19.31707808751
 8696.2 0 60 -205.23049975542 46.827724675703 19.317077872652
 8696.3 0 60 -205.23049975542 46.827724675703 19.317077872652
 8696.4 0 60 -205.23054092008 46.827710630629 19.317078242645
 8696.5 0 60 -205.23087466232 46.827718098576 19.317078616246
 8696.6 0 60 -205.23087466232 46.827718098576 19.317078616246
 8696.7 0 60 -205.23087466232 46.827721459864 19.317077952733
 8696.8 0 60 -205.23057351338 46.827704312948 19.317077814541
 8696.9 0 60 -205.23060941644 46.827708611323 19.317077811192
 8697 0 60 -205.23043154974 46.827713275042 19.317078530897
 8697.1 0 60 -205.23043154974 46.827713275042 19.317078530897
 8697.2 0 60 -205.23043154974 46.827717614122 19.317078559251
 8697.3 0 60 -205.2301980751 46.827720630719 19.31707893483
 8697.4 0 60 -205.23061063715 46.827726662062 19.317078699119
 8697.5 0 60 -205.23061063715 46.827726662062 19.317078699119
 8697.6 0 60 -205.23061063715 46.827687915479 19.317078467172
 8697.7 0 60 -205.23061063715 46.827687915479 19.317078467172
 8697.8 0 60 -205.23028360348 46.827695222705 19.317078231351
 8697.9 0 60 -205.23028360348 46.827698469346 19.317078207696
 8698 0 60 -205.23055674315 46.827727158009 19.317078265929
 8698.1 0 60 -205.23063614566 46.827708384565 19.317078083052
 8698.2 0 60 -205.23063614566 46.82771156045 19.317077905987
 8698.3 0 60 -205.23063614566 46.82771156045 19.317077905987
 8698.4 0 60 -205.23085332534 46.827695820366 19.317078325535
 8698.5 0 60 -205.23085332534 46.827695820366 19.317078325535
 8698.6 0 60 -205.23028302457 46.827701500781 19.317078532059
 8698.7 0 60 -205.23028302457 46.827701500781 19.317078532059
 8698.8 0 60 -205.23032249886 46.827708910109 19.317077896811
 8698.9 0 60 -205.23032249886 46.827708910109 19.317077896811
 8699 0 60 -205.2306673227 46.827717698524 19.317079005537
 8699.1 0 60 -205.2306673227 46.827717698524 19.317079005537
 8699.2 0 60 -205.2306673227 46.827724883548 19.317078009296
 8699.3 0 60 -205.23051078124 46.827707471395 19.317078054819
 8699.4 0 60 -205.23051078124 46.827707471395 19.317078054819
 8699.5 0 60 -205.23058140792 46.827691488062 19.317078248228
 8699.6 0 60 -205.23058140792 46.827691488062 19.317078248228
 8699.7 0 60 -205.23058140792 46.827715858137 19.317078411364
 8699.8 0 60 -205.23063861793 46.827719845584 19.317078304091
 8699.9 0 0 -205.23020228107 46.827316232159 19.317078683819
 8700 0 0 -205.23020228107 46.827316232159 19.317078683819
 8700.1 0 0 -205.23020228107 46.820600373423 19.317074445847
 8700.2 0 0 -205.22327219624 46.819872338145 19.317077219854
 8700.3 0 0 -205.22327219624 46.819872338145 19.317077219854
 8700.4 0 0 -205.22327219624 46.819872338145 19.317077219854
 8700.5 0 0 -205.2198269372 46.815266505913 19.317075450774
 8700.6 0 0 -205.21760398741 46.814367152308 19.31707476805
 8700.7 0 0 -205.21760398741 46.814367152308 19.31707476805
 8700.8 0 0 -205.21504508573 46.812637450202 19.317073853201
 8700.9 0 0 -205.21504508573 46.812637450202 19.317073853201
 8701 0 0 -205.21426334079 46.812021623133 19.31707370525
 8701.1 0 0 -205.21426334079 46.812021623133 19.31707370525
 8701.2 0 0 -205.21390671896 46.811641591615 19.317074141454
 8701.3 0 0 -205.21390671896 46.811641591615 19.317074141454
 8701.4 0 0 -205.21341677454 46.811536701616 19.317073707677
 8701.5 0 0 -205.21341677454 46.811536701616 19.317073707677
 8701.6 0 0 -205.21358598932 46.811350246048 19.317073359806
 8701.7 0 0 -205.21358598932 46.811350246048 19.317073359806
 8701.8 0 0 -205.21332215023 46.811247145943 19.317073134088
 8701.9 0 0 -205.21332215023 46.811247145943 19.317073134088
 8702 0 0 -205.21313839297 46.811167984388 19.317073644551
 8702.1 0 0 -205.21313839297 46.811167984388 19.317073644551
 8702.2 0 0 -205.21318214974 46.811092753796 19.317073549415
 8702.3 0 0 -205.21318214974 46.811092753796 19.317073549415
 8702.4 0 0 -205.21318214974 46.811074106605 19.317073837455
 8702.5 0 0 -205.21318214974 46.811074106605 19.317073837455
 8702.6 0 0 -205.21244922452 46.811060362321 19.317072758722
 8702.7 0 0 -205.21244922452 46.811060362321 19.317072758722
 8702.8 0 0 -205.21326963068 46.811046628287 19.317074562272
 8702.9 0 0 -205.21326963068 46.811046628287 19.317074562272
 8703 0 0 -205.21314117142 46.811053395927 19.317074021462
 8703.1 0 0 -205.21314117142 46.811053395927 19.317074021462
 8703.2 0 0 -205.21314117142 46.811053395927 19.317074021462
 8703.3 0 0 -205.21305642553 46.811035639326 19.317073663016
 8703.4 0 0 -205.21305642553 46.81106150736 19.317073191339
 8703.5 0 0 -205.21305642553 46.81106150736 19.317073191339
 8703.6 0 0 -205.21302958751 46.811070058682 19.317074255432
 8703.7 0 0 -205.21302958751 46.811070058682 19.317074255432
 8703.8 0 0 -205.21263286722 46.811054070553 19.317074229919
 8703.9 0 0 -205.21263286722 46.811054070553 19.317074229919
 8704 0 0 -205.21287645269 46.811061657993 19.317073116047
 8704.1 0 0 -205.21287645269 46.811061657993 19.317073116047
 8704.2 0 0 -205.21287645269 46.811061657993 19.317073116047
 8704.3 0 0 -205.21257009039 46.811024967658 19.317073752146
 8704.4 0 0 -205.21257009039 46.811024967658 19.317073752146
 8704.5 0 0 -205.2127052103 46.811031279605 19.317073546748
 8704.6 0 0 -205.2127052103 46.811031279605 19.317073546748
 8704.7 0 0 -205.21289897737 46.811037442675 19.317073325766
 8704.8 0 0 -205.21311931273 46.811042282142 19.317073559156
 8704.9 0 0 -205.21311931273 46.811042282142 19.317073559156
 8705 0 0 -205.21311931273 46.811046222772 19.317073380597
 8705.1 0 0 -205.21311931273 46.811046222772 19.317073380597
 8705.2 0 0 -205.21311931273 46.811046222772 19.317073380597
 8705.3 0 0 -205.21283592876 46.811052378572 19.317073489815
 8705.4 0 0 -205.21287974075 46.811038052441 19.317073245574
 8705.5 0 0 -205.21287974075 46.811038052441 19.317073245574
 8705.6 0 0 -205.21287974075 46.811040600117 19.317073579982
 8705.7 0 0 -205.21287974075 46.811040600117 19.317073579982
 8705.8 0 0 -205.21305267931 46.811068429649 19.317073261994
 8705.9 0 0 -205.21305267931 46.811068429649 19.317073261994
 8706 0 0 -205.21305267931 46.811053023927 19.317073308781
 8706.1 0 0 -205.21305267931 46.811053023927 19.317073308781
 8706.2 0 0 -205.21305267931 46.811053023927 19.317073308781
 8706.3 0 0 -205.21296385322 46.811059167007 19.317073190541
 8706.4 0 0 -205.21285112117 46.811043723169 19.317073652295
 8706.5 0 0 -205.21285112117 46.811026951109 19.317073300843
 8706.6 0 0 -205.21285112117 46.811026951109 19.317073300843
 8706.7 0 0 -205.21295474065 46.811049772924 19.317073705031
 8706.8 0 0 -205.21235589303 46.811054555225 19.317072980117
 8706.9 0 0 -205.21235589303 46.811054555225 19.317072980117
 8707 0 0 -205.21235589303 46.811054555225 19.317072980117
 8707.1 0 0 -205.21299167633 46.81104123725 19.317073356602
 8707.2 0 0 -205.21299167633 46.81104365267 19.317073873104
 8707.3 0 0 -205.21299167633 46.81104365267 19.317073873104
 8707.4 0 0 -205.21299923488 46.811051640353 19.317073640321
 8707.5 0 0 -205.21299923488 46.811051640353 19.317073640321
 8707.6 0 0 -205.21299923488 46.811033813586 19.317074116382
 8707.7 0 0 -205.21310768808 46.811059721966 19.317073874728
 8707.8 0 0 -205.21310768808 46.811059721966 19.317073874728
 8707.9 0 0 -205.21275519545 46.811062291577 19.31707367807
 8708 0 0 -205.21275519545 46.811062291577 19.31707367807
 8708.1 0 0 -205.21275519545 46.811025276533 19.317073216949
 8708.2 0 0 -205.21264244117 46.811030519306 19.317073291052
 8708.3 0 0 -205.21264244117 46.811055628606 19.317074089273
 8708.4 0 0 -205.21264244117 46.811055628606 19.317074089273
 8708.5 0 0 -205.21264244117 46.811055628606 19.317074089273
 8708.6 0 0 -205.21260538038 46.811038598588 19.317073591464
 8708.7 0 0 -205.21260538038 46.811038598588 19.317073591464
 8708.8 0 0 -205.21273167856 46.811043047428 19.317073534382
 8708.9 0 0 -205.21273167856 46.811043047428 19.317073534382
 8709 0 0 -205.21274661954 46.811029444318 19.317074001425
 8709.1 0 0 -205.21274661954 46.811029444318 19.317074001425
 8709.2 0 0 -205.21299175617 46.81105407893 19.317073788387
 8709.3 0 0 -205.21299175617 46.81105407893 19.317073788387
 8709.4 0 0 -205.21291103928 46.811038255716 19.317073451027
 8709.5 0 0 -205.21291103928 46.811038255716 19.317073451027
 8709.6 0 0 -205.21308966586 46.811043818871 19.317073137083
 8709.7 0 0 -205.21308966586 46.811043818871 19.317073137083
 8709.8 0 0 -205.21311391938 46.811048072066 19.317073626386
 8709.9 0 0 -205.21221555426 46.811028977535 19.317073402275
 8710 0 0 -205.21221555426 46.811028977535 19.317073402275
 8710.1 0 0 -205.2129266776 46.811036258035 19.317073763146
 8710.2 0 0 -205.2129266776 46.811081445563 19.317074086774
 8710.3 0 0 -205.2127532399 46.811063156162 19.317073595566
 8710.4 0 0 -205.2127532399 46.811063156162 19.317073595566
 8710.5 0 0 -205.2127532399 46.811063156162 19.317073595566
 8710.6 0 0 -205.21299412076 46.811046997449 19.317073607507
 8710.7 0 0 -205.21299412076 46.811046997449 19.317073607507
 8710.8 0 0 -205.21249345183 46.811052291893 19.31707352294
 8710.9 0 0 -205.21249345183 46.811052291893 19.31707352294
 8711 0 0 -205.21288068731 46.811057400443 19.317073481362
 8711.1 0 0 -205.21288068731 46.81105853688 19.31707346738
 8711.2 0 0 -205.21288068731 46.81105853688 19.31707346738
 8711.3 0 0 -205.21265839295 46.811042213224 19.317073965417
 8711.4 0 0 -205.21265839295 46.811042213224 19.317073965417
 8711.5 0 0 -205.21265839295 46.811047333994 19.317073622427
 8711.6 0 0 -205.2127834312 46.81102898578 19.317073889454
 8711.7 0 0 -205.2127834312 46.81102898578 19.317073889454
 8711.8 0 0 -205.21289669413 46.811034063579 19.317073047399
 8711.9 0 0 -205.2130384904 46.811038144083 19.317073502617
 8712 0 0 -205.2130384904 46.811038144083 19.317073502617
 8712.1 0 0 -205.2130384904 46.811038144083 19.317073502617
 8712.2 0 0 -205.2130384904 46.811041391098 19.317073957635
 8712.3 0 0 -205.21293989162 46.811046502798 19.317073764906
 8712.4 0 0 -205.21293989162 46.811046502798 19.317073764906
 8712.5 0 0 -205.21285959179 46.811049449318 19.317073443812
 8712.6 0 0 -205.21285959179 46.811049449318 19.317073443812
 8712.7 0 0 -205.21287614728 46.811054471697 19.317073554609
 8712.8 0 0 -205.21287614728 46.811054471697 19.317073554609
 8712.9 0 0 -205.21275777323 46.811037013883 19.317073391356
 8713 0 0 -205.21270039977 46.81104106372 19.31707336291
 8713.1 0 0 -205.21270039977 46.81104106372 19.31707336291
 8713.2 0 0 -205.2128631195 46.811064700147 19.317073493194
 8713.3 0 0 -205.2128631195 46.811064700147 19.317073493194
 8713.4 0 0 -205.21287488725 46.81102680392 19.317073219545
 8713.5 0 0 -205.21287488725 46.81102680392 19.317073219545
 8713.6 0 0 -205.21294554465 46.811054948952 19.317073632167
 8713.7 0 0 -205.21294554465 46.811054948952 19.317073632167
 8713.8 0 0 -205.21294554465 46.811054948952 19.317073632167
 8713.9 0 0 -205.21285400388 46.81108216967 19.317073881479
 8714 0 0 -205.21285400388 46.81108216967 19.317073881479
 8714.1 0 0 -205.21271978486 46.811045027021 19.317073747778
 8714.2 0 0 -205.21271978486 46.811045027021 19.317073747778
 8714.3 0 0 -205.21289223085 46.811048862282 19.31707332819
 8714.4 0 0 -205.21289223085 46.811048862282 19.31707332819
 8714.5 0 0 -205.21225985748 46.811051551944 19.317073674914
 8714.6 0 0 -205.21287977601 46.811053554762 19.317073145584
 8714.7 0 0 -205.21287977601 46.811053554762 19.317073145584
 8714.8 0 0 -205.21276842732 46.811036824532 19.317073186258
 8714.9 0 0 -205.21276842732 46.811036824532 19.317073186258
 8715 0 0 -205.21272508162 46.811041438764 19.317073502797
 8715.1 0 0 -205.21272508162 46.811041438764 19.317073502797
 8715.2 0 0 -205.21260359057 46.811047078124 19.317073209267
 8715.3 0 0 -205.21288519392 46.811029839568 19.31707295696
 8715.4 0 0 -205.21288519392 46.811029839568 19.31707295696
 8715.5 0 0 -205.21288519392 46.811031784049 19.317073560666
 8715.6 0 0 -205.21288519392 46.811031784049 19.317073560666
 8715.7 0 0 -205.21288519392 46.811031784049 19.317073560666
 8715.8 0 0 -205.21253213387 46.811037306062 19.317073158199
 8715.9 0 0 -205.21253213387 46.811037306062 19.317073158199
 8716 0 0 -205.21256335565 46.811041805357 19.31707284163
 8716.1 0 0 -205.21268688882 46.81102469601 19.317073463533
 8716.2 0 0 -205.21268688882 46.81102469601 19.317073463533
 8716.3 0 0 -205.2127374538 46.811026221272 19.317073591731
 8716.4 0 0 -205.21282803592 46.811052923012 19.317073436053
 8716.5 0 0 -205.21282803592 46.811052923012 19.317073436053
 8716.6 0 0 -205.21237611579 46.811035727714 19.317073680482
 8716.7 0 0 -205.21237611579 46.811035727714 19.317073680482
 8716.8 0 0 -205.21237611579 46.811035727714 19.317073680482
 8716.9 0 0 -205.21265241479 46.811040198886 19.317073332008
 8717 0 0 -205.21265241479 46.811040198886 19.317073332008
 8717.1 0 0 -205.21296282131 46.811042684569 19.317073533533
 8717.2 0 0 -205.21296282131 46.811042684569 19.317073533533
 8717.3 0 0 -205.21278643461 46.811025443358 19.317074169309
 8717.4 0 0 -205.21275511155 46.811048658029 19.317073951346
 8717.5 0 0 -205.21275511155 46.811052832842 19.317073924845
 8717.6 0 0 -205.21275511155 46.811052832842 19.317073924845
 8717.7 0 0 -205.21273027536 46.811078582056 19.317074132412
 8717.8 0 0 -205.21273027536 46.811078582056 19.317074132412
 8717.9 0 0 -205.21276202606 46.811061153562 19.317073936767
 8718 0 0 -205.21276202606 46.811061153562 19.317073936767
 8718.1 0 0 -205.21268106 46.811042193103 19.317073658401
 8718.2 0 0 -205.21268106 46.811042193103 19.317073658401
 8718.3 0 0 -205.21268106 46.811042193103 19.317073658401
 8718.4 0 0 -205.2128478863 46.811047296128 19.31707331939
 8718.5 0 0 -205.2128478863 46.811047296128 19.31707331939
 8718.6 0 0 -205.21253955296 46.811051345755 19.317072917313
 8718.7 0 0 -205.21253955296 46.811051345755 19.317072917313
 8718.8 0 0 -205.21260333932 46.811053749141 19.317073364641
 8718.9 0 0 -205.21260333932 46.811053749141 19.317073364641
 8719 0 0 -205.21254285732 46.811058700902 19.317073537098
 8719.1 0 0 -205.21288266767 46.811040345532 19.317073702044
 8719.2 0 0 -205.21288266767 46.811040345532 19.317073702044
 8719.3 0 0 -205.21288266767 46.811040345532 19.317073702044
 8719.4 0 0 -205.21271632257 46.811044178402 19.317073904989
 8719.5 0 0 -205.212698502 46.811046528146 19.317073195613
 8719.6 0 0 -205.212698502 46.811046528146 19.317073195613
 8719.7 0 0 -205.212698502 46.811046528146 19.317073195613
 8719.8 0 0 -205.21271398869 46.811051944496 19.317073953799
 8719.9 0 0 -205.21201487086 46.811034345607 19.317073435007
 8720 0 0 -205.21201487086 46.811034345607 19.317073435007
 8720.1 0 0 -205.21201487086 46.811034345607 19.317073435007
 8720.2 0 0 -205.21292087442 46.811038223074 19.317073096637
 8720.3 0 0 -205.21292087442 46.811038223074 19.317073096637
 8720.4 0 0 -205.21252650027 46.81104034587 19.317073369086
 8720.5 0 0 -205.21252650027 46.81104034587 19.317073369086
 8720.6 0 0 -205.21274215367 46.811044137609 19.317073553453
 8720.7 0 0 -205.21274215367 46.811044137609 19.317073553453
 8720.8 0 0 -205.21270660405 46.811047911933 19.317073544429
 8720.9 0 0 -205.21270660405 46.811047911933 19.317073544429
 8721 0 0 -205.21270660405 46.811047911933 19.317073544429
 8721.1 0 0 -205.21267986951 46.811052276324 19.317073488066
 8721.2 0 0 -205.21267986951 46.811055935969 19.317073537529
 8721.3 0 0 -205.21267986951 46.811055935969 19.317073537529
 8721.4 0 0 -205.21267986951 46.811055935969 19.317073537529
 8721.5 0 0 -205.21250231816 46.811039334993 19.317073574653
 8721.6 0 0 -205.21250231816 46.811039334993 19.317073574653
 8721.7 0 0 -205.21244136837 46.811042944879 19.31707310136
 8721.8 0 0 -205.21244136837 46.811042944879 19.31707310136
 8721.9 0 0 -205.21254445024 46.811045110253 19.317073783295
 8722 0 0 -205.21254445024 46.811045110253 19.317073783295
 8722.1 0 0 -205.21254445024 46.811048634994 19.31707345507
 8722.2 0 0 -205.21271150124 46.811050635564 19.317073411332
 8722.3 0 0 -205.21271150124 46.811050635564 19.317073411332
 8722.4 0 0 -205.21271138912 46.811052072268 19.317073367535
 8722.5 0 0 -205.21271138912 46.811052072268 19.317073367535
 8722.6 0 0 -205.21273327941 46.811036613325 19.317073480683
 8722.7 0 0 -205.21273327941 46.811036613325 19.317073480683
 8722.8 0 0 -205.21206578006 46.811037891709 19.317073077738
 8722.9 0 0 -205.21206578006 46.811037891709 19.317073077738
 8723 0 0 -205.21271195059 46.811041262275 19.317074003947
 8723.1 0 0 -205.21271195059 46.811041262275 19.317074003947
 8723.2 0 0 -205.21267008645 46.811042798672 19.317073321096
 8723.3 0 0 -205.21265465206 46.811046118707 19.317073711111
 8723.4 0 0 -205.21265465206 46.811046118707 19.317073711111
 8723.5 0 0 -205.21283091698 46.811027992285 19.317073196185
 8723.6 0 0 -205.21283091698 46.811027992285 19.317073196185
 8723.7 0 0 -205.21255673453 46.81105269574 19.317073310668
 8723.8 0 0 -205.21255673453 46.81105269574 19.317073310668
 8723.9 0 0 -205.21226404373 46.811035579146 19.317073177987
 8724 0 0 -205.21226404373 46.811035579146 19.317073177987
